SWIDE:   1280.000000 / 500 = 2.560000
SHEIGHT: 720.000000 / 500 = 1.440000
ratio_w 2.560000 - ratio_h 1.440000
SCREEN_RATIO: 1.440000
INPUT maps/elem-fract.fdf
WIDE_MAP: [500]
HEIGHT_MAP: [500]
